Time,TR11A,TR11B,flags
1971-08-02T14:09:52.000Z,253.05448,253.02548,2
1971-08-03T01:36:22.000Z,252.90898,252.73098,2
1971-08-03T15:18:38.000Z,252.78948,252.55048,2
1971-08-04T02:27:02.000Z,252.77,252.47,0
1971-08-05T04:20:34.000Z,252.77349,252.32649,0
1971-08-06T04:53:34.000Z,252.83549,252.26449,0
1971-08-07T04:21:50.000Z,252.80849,252.23149,0
1971-08-08T05:05:41.000Z,252.83048,252.18948,0
1971-08-09T03:34:09.000Z,252.78647,252.15347,0
1971-08-10T03:02:46.000Z,252.69597,252.12397,0
1971-08-11T04:31:32.000Z,252.57948,252.12048,0
1971-08-12T02:31:49.000Z,252.42498,252.09498,0
1971-08-13T01:56:28.000Z,252.23847,252.08147,2
1971-08-14T02:10:53.000Z,251.89797,252.04197,0
1971-08-15T02:04:58.000Z,251.64548,252.05448,0
1971-08-16T02:06:45.000Z,251.40549,252.01449,0
1971-08-17T02:03:38.000Z,251.21398,251.98598,0
1971-08-18T01:55:03.000Z,251.06499,251.97499,0
1971-08-19T01:46:24.000Z,250.92397,251.95597,0
1971-08-20T02:15:50.000Z,250.82849,251.97149,0
1971-08-21T01:49:05.000Z,250.70949,251.95049,0
1971-08-22T02:23:02.000Z,250.57349,251.90649,0
1971-08-23T02:19:51.000Z,250.50249,251.91749,0
1971-08-24T02:11:20.000Z,250.39448,251.88548,0
1971-08-26T01:11:30.000Z,250.26799,251.89199,0
1971-08-28T02:18:26.000Z,250.09898,251.86098,0
1971-08-29T01:42:12.000Z,250.06747,251.87247,0
1971-08-30T01:43:59.000Z,250.382,251.858,0
1971-09-01T03:26:13.000Z,250.99699,251.86299,0
1971-09-04T01:58:33.000Z,251.64248,251.87748,0
1971-09-06T01:57:58.000Z,251.97486,251.8651,2
1971-09-07T01:27:32.000Z,252.05798,251.84198,2
1971-09-09T04:24:51.000Z,251.95274,251.84724,2
1971-09-11T02:28:22.000Z,251.72249,251.87749,0
1971-09-12T02:30:01.000Z,251.47349,251.82649,0
1971-09-13T04:22:49.000Z,251.20149,251.83849,0
1971-09-14T06:51:14.000Z,250.99347,251.82647,0
1971-09-16T13:50:34.000Z,250.66747,251.77247,0
1971-09-17T14:42:16.000Z,250.56147,251.75847,0
1971-09-20T15:07:06.000Z,250.34799,251.75199,0
1971-09-22T14:26:18.000Z,250.21597,251.72397,0
1971-09-24T14:54:24.000Z,250.15098,251.74898,0
1971-09-27T18:21:46.000Z,250.01499,251.70499,0
1971-09-28T17:46:54.000Z,250.38999,251.70999,0
1971-09-29T22:02:35.000Z,250.74748,251.71248,0
1971-10-01T01:24:56.000Z,251.09198,251.74798,0
1971-10-01T13:12:11.000Z,251.18548,251.71448,0
1971-10-03T21:03:56.000Z,251.75398,251.76598,0
1971-10-04T16:55:40.000Z,251.88648,251.75348,0
1971-10-05T16:24:46.000Z,252.02599,251.77399,0
1971-10-06T16:29:46.000Z,252.09347,251.78647,0
1971-10-07T16:14:42.000Z,252.07298,251.76698,0
1971-10-08T17:09:52.000Z,252.04047,251.77947,0
1971-10-09T16:43:08.000Z,251.94949,251.77049,0
1971-10-10T13:56:26.000Z,251.85848,251.78148,2
1971-10-11T14:02:07.000Z,251.66247,251.77747,0
1971-10-12T14:01:11.000Z,251.4005,251.7795,0
1971-10-13T18:22:27.000Z,251.15548,251.74448,0
1971-10-14T20:31:05.000Z,251.03449,251.76549,0
1971-10-15T14:46:54.000Z,250.9335,251.7465,0
1971-10-16T14:21:03.000Z,250.84749,251.75249,0
1971-10-18T14:50:30.000Z,250.68149,251.73849,0
1971-10-20T13:45:41.000Z,250.56249,251.73749,0
1971-10-22T13:36:38.000Z,250.4525,251.7275,0
1971-10-26T19:56:12.000Z,250.26699,251.71299,0
1971-10-28T22:25:53.000Z,250.847,251.713,0
1971-10-29T22:58:56.000Z,251.14249,251.71749,0
1971-10-30T15:24:14.000Z,251.34448,251.73548,0
1971-10-31T15:22:45.000Z,251.62147,251.75847,0
1971-11-01T15:04:36.000Z,251.8545,251.7655,2
1971-11-02T15:48:27.000Z,252.06448,251.77548,0
1971-11-03T15:35:13.000Z,252.23348,251.78648,0
1971-11-05T16:15:44.000Z,252.374,251.806,0
1971-11-06T15:00:19.000Z,252.34348,251.79648,0
1971-11-07T21:39:25.000Z,252.29,251.83,0
1971-11-08T14:48:12.000Z,252.21349,251.82649,0
1971-11-09T15:00:47.000Z,252.05449,251.80549,0
1971-11-10T15:09:20.000Z,251.78148,251.79848,2
1971-11-11T14:51:19.000Z,251.54047,251.77947,0
1971-11-12T10:27:46.000Z,251.39349,251.76649,0
1971-11-13T10:55:18.000Z,251.28698,251.79298,0
1971-11-15T14:56:39.000Z,251.06048,251.77948,0
1971-11-17T15:27:20.000Z,250.91548,251.78448,0
1971-11-19T15:02:52.000Z,250.77649,251.76349,0
1971-11-22T14:47:33.000Z,250.63348,251.76648,0
1971-11-24T18:10:20.000Z,250.54947,251.77047,0
1971-11-27T11:18:36.000Z,251.10247,251.77747,0
1971-11-28T14:57:17.000Z,251.43549,251.78449,0
1971-11-29T20:06:00.000Z,251.78549,251.81449,0
1971-11-30T14:55:49.000Z,251.97098,251.80898,0
1971-12-01T14:38:01.000Z,252.20699,251.83299,0
1971-12-02T15:30:23.000Z,252.39249,251.82749,0
1971-12-03T13:58:27.000Z,252.55599,251.86399,0
1971-12-05T15:04:50.000Z,252.61298,251.84698,0
1971-12-06T18:24:04.000Z,252.59899,251.88099,0
1971-12-07T18:12:37.000Z,252.50597,251.87397,0
1971-12-08T18:01:42.000Z,252.39648,251.88348,0
1971-12-09T17:54:41.000Z,252.19798,251.88198,0
1971-12-10T21:13:30.000Z,251.90044,251.83956,2
1971-12-11T21:21:06.000Z,251.696,251.864,0
1971-12-12T09:40:09.000Z,251.63848,251.88148,0
1971-12-13T14:32:33.000Z,251.48549,251.87449,0
1971-12-15T16:59:34.000Z,251.25749,251.84249,0
1971-12-17T19:08:09.000Z,251.12249,251.85749,0
1971-12-22T17:23:14.000Z,250.85298,251.84698,0
1971-12-24T19:18:18.000Z,250.7395,251.8205,0
1971-12-27T01:44:06.000Z,251.32449,251.83549,0
1971-12-27T12:56:53.000Z,251.47197,251.84797,0
1971-12-28T18:52:21.000Z,251.83198,251.86798,0
1971-12-29T14:42:15.000Z,252.02847,251.85147,2
1971-12-30T14:07:39.000Z,252.30348,251.89648,0
1972-01-01T16:17:48.000Z,252.72799,251.93199,0
1972-01-03T16:30:03.000Z,252.88798,251.95198,0
1972-01-04T16:48:59.000Z,252.85899,251.94099,0
1972-01-05T16:16:18.000Z,252.81998,251.95998,0
1972-01-06T16:16:11.000Z,252.68099,251.91899,0
1972-01-07T17:58:48.000Z,252.57799,251.96199,0
1972-01-08T15:57:31.000Z,252.33198,251.94798,0
1972-01-09T21:00:21.000Z,252.08948,251.87048,2
1972-01-10T13:27:58.000Z,251.91799,251.94199,0
1972-01-11T18:39:29.000Z,251.745,251.935,0
1972-01-12T14:28:17.000Z,251.67898,251.96098,0
1972-01-14T16:59:28.000Z,251.45447,251.92547,0
1972-01-17T17:16:14.000Z,251.253,251.927,0
1972-01-21T16:48:11.000Z,251.04198,251.91798,0
1972-01-23T15:54:46.000Z,250.95049,251.90949,0
1972-01-24T15:56:33.000Z,251.21948,251.92048,0
1972-01-25T16:42:51.000Z,251.57748,251.94248,0
1972-01-26T17:52:43.000Z,251.89449,251.96549,0
1972-01-27T20:52:53.000Z,252.1725,251.9475,2
1972-01-28T14:03:26.000Z,252.38099,251.97899,0
1972-01-29T15:08:10.000Z,252.63748,252.00248,0
1972-01-30T11:16:38.000Z,252.766,251.974,0
1972-01-31T15:39:40.000Z,252.92697,252.01297,0
1972-02-01T19:52:17.000Z,253.03199,252.00799,0
1972-02-02T16:24:46.000Z,253.08,252.04,0
1972-02-03T16:13:52.000Z,253.0355,252.0245,0
1972-02-04T15:57:54.000Z,253.00998,252.06998,0
1972-02-05T15:39:46.000Z,252.85647,252.02347,0
1972-02-06T15:40:36.000Z,252.70149,252.01849,0
1972-02-07T15:31:52.000Z,252.43949,252.04049,0
1972-02-08T14:58:26.000Z,252.20199,252.01799,2
1972-02-09T14:52:02.000Z,252.042,252.018,2
1972-02-10T14:53:25.000Z,251.91797,252.02197,0
1972-02-11T15:09:58.000Z,251.80347,252.01647,0
1972-02-18T15:11:02.000Z,251.33847,252.04147,0
1972-02-22T15:42:14.000Z,251.18398,252.01598,0
1972-02-23T16:08:44.000Z,251.57449,252.02549,0
1972-02-24T16:06:51.000Z,251.87198,252.02798,0
1972-02-25T15:37:22.000Z,252.1445,252.0355,2
1972-02-26T13:45:26.000Z,252.39297,252.04697,0
1972-02-27T13:56:06.000Z,252.67397,252.08597,0
1972-02-28T15:24:02.000Z,252.89399,252.08599,0
1972-02-29T15:55:03.000Z,253.09598,252.10398,0
1972-03-01T15:41:58.000Z,253.22498,252.11498,0
1972-03-02T15:56:27.000Z,253.29099,252.12899,0
1972-03-03T17:11:50.000Z,253.25599,252.10399,0
1972-03-04T15:39:58.000Z,253.23149,252.12849,0
1972-03-05T16:51:23.000Z,253.123,252.117,0
1972-03-06T15:27:26.000Z,253.0035,252.1165,0
1972-03-07T14:44:51.000Z,252.82548,252.13448,0
1972-03-08T14:21:48.000Z,252.53799,252.12199,0
1972-03-09T16:12:16.000Z,252.33398,252.12598,2
1972-03-10T14:27:09.000Z,252.16472,252.15522,2
1972-03-17T15:17:56.000Z,251.5885,252.0915,0
1972-03-20T18:46:12.000Z,251.443,252.117,0
1972-03-22T11:43:15.000Z,251.34447,252.09547,0
1972-03-24T20:17:04.000Z,251.944,252.116,0
1972-03-26T15:32:58.000Z,252.4635,252.1565,0
1972-03-27T15:06:13.000Z,252.69448,252.14548,0
1972-03-28T15:29:19.000Z,252.95798,252.18198,0
1972-03-29T15:42:43.000Z,253.15448,252.18548,0
1972-03-30T15:17:28.000Z,253.33199,252.20799,0
1972-03-31T15:26:22.000Z,253.43599,252.22399,0
1972-04-01T15:43:51.000Z,253.44799,252.21199,0
1972-04-02T15:39:14.000Z,253.414,252.206,0
1972-04-03T15:11:07.000Z,253.35998,252.21998,0
1972-04-04T14:34:16.000Z,253.269,252.231,0
1972-04-05T14:45:37.000Z,253.10747,252.21247,0
1972-04-06T14:28:18.000Z,252.83649,252.20349,0
1972-04-07T17:59:16.000Z,252.59347,252.22647,0
1972-04-10T16:53:14.000Z,252.18348,252.21648,0
1972-04-12T16:31:09.000Z,252.00449,252.21549,0
1972-04-14T16:44:09.000Z,251.84249,252.19749,0
1972-04-17T17:32:57.000Z,251.67497,252.20497,0
1972-04-19T18:33:44.000Z,251.56497,252.19497,0
1972-04-21T15:31:38.000Z,251.47598,252.16398,0
1972-04-22T19:42:03.000Z,251.94399,252.21599,0
1972-04-23T21:57:23.000Z,252.24798,252.21198,2
1972-04-24T16:31:21.000Z,252.44899,252.21099,2
1972-04-25T12:06:46.000Z,252.68099,252.23899,0
1972-04-26T11:53:00.000Z,252.9285,252.2515,0
1972-04-27T11:52:03.000Z,253.16247,252.27747,0
1972-04-28T12:59:56.000Z,253.347,252.273,0
1972-04-29T13:04:19.000Z,253.53199,252.32799,0
1972-04-30T16:20:48.000Z,253.55398,252.28598,0
1972-05-01T14:26:41.000Z,253.57247,252.30747,0
1972-05-02T22:00:40.000Z,253.48748,252.29248,0
1972-05-03T22:15:59.000Z,253.40799,252.31199,0
1972-05-04T23:38:20.000Z,253.257,252.303,0
1972-05-05T22:54:23.000Z,253.00899,252.29099,0
1972-05-06T22:52:05.000Z,252.7635,252.2965,0
1972-05-07T22:39:07.000Z,252.57549,252.28449,0
1972-05-08T22:28:13.000Z,252.446,252.294,2
1972-05-09T22:35:20.000Z,252.33848,252.30148,2
1972-05-10T22:34:24.000Z,252.23849,252.30149,0
1972-05-11T22:38:06.000Z,252.13549,252.28449,0
1972-05-12T22:40:18.000Z,252.06649,252.29349,0
1972-05-14T08:44:53.000Z,251.96747,252.29247,0
1972-05-15T08:05:02.000Z,251.8975,252.2825,0
1972-05-16T01:31:50.000Z,251.85598,252.28398,0
1972-05-17T00:24:24.000Z,251.77999,252.25999,0
1972-05-18T06:56:08.000Z,251.73748,252.28248,0
1972-05-19T05:56:21.000Z,251.68448,252.27548,0
1972-05-20T00:50:48.000Z,251.65647,252.28347,0
1972-05-20T21:44:36.000Z,251.60697,252.27297,0
1972-05-21T22:10:49.000Z,251.9065,252.2735,0
1972-05-22T23:48:52.000Z,252.2255,252.2745,0
1972-05-24T03:00:27.000Z,252.57298,252.32698,2
1972-05-25T07:35:18.000Z,252.859,252.321,0
1972-05-25T22:22:14.000Z,252.98999,252.30999,0
1972-05-26T21:41:58.000Z,253.22,252.34,0
1972-05-28T05:30:01.000Z,253.50548,252.39448,0
1972-05-28T21:46:47.000Z,253.55749,252.36249,0
1972-05-29T21:50:29.000Z,253.65049,252.38949,0
1972-05-30T22:54:57.000Z,253.65299,252.38699,0
1972-05-31T22:57:00.000Z,253.63149,252.40849,0
1972-06-01T22:09:55.000Z,253.53199,252.38799,0
1972-06-02T22:34:23.000Z,253.42347,252.39647,0
1972-06-03T21:21:45.000Z,253.2775,252.4025,0
1972-06-04T21:36:15.000Z,252.96298,252.37698,0
1972-06-05T18:27:26.000Z,252.7905,252.3895,2
1972-06-06T17:01:51.000Z,252.562,252.438,2
1972-06-07T21:26:20.000Z,252.45722,252.42272,2
1972-06-09T14:31:59.000Z,252.302,252.378,0
1972-06-12T13:34:25.000Z,252.07798,252.38198,0
1972-06-14T13:21:13.000Z,251.93699,252.36299,0
1972-06-16T15:35:44.000Z,251.81099,252.34899,0
1972-06-19T19:23:31.000Z,251.74248,252.33748,0
1972-06-21T08:11:57.000Z,252.2635,252.3565,0
1972-06-23T11:47:42.000Z,253.096,252.144,2
1972-06-26T14:15:21.000Z,253.5345,252.4655,0
1972-06-28T14:07:11.000Z,253.69699,252.46299,0
1972-06-30T16:23:21.000Z,253.65548,252.48448,0
1972-07-03T14:18:35.000Z,253.21249,252.44749,0
1972-07-05T16:46:54.000Z,252.75399,252.46599,0
1972-07-07T08:20:24.000Z,252.47272,252.46722,2
1972-07-10T14:06:17.000Z,252.20498,252.43498,0
1972-07-12T14:07:08.000Z,252.07548,252.44448,0
1972-07-14T15:17:21.000Z,251.93499,252.42499,0
1972-07-17T14:05:43.000Z,251.78048,252.41948,0
1972-07-19T18:35:33.000Z,251.95799,252.40199,0
1972-07-21T23:32:24.000Z,252.73249,252.30749,0
1972-07-24T16:38:46.000Z,253.265,252.475,0
1972-07-28T17:54:12.000Z,253.69199,252.52799,0
1972-07-31T12:57:50.000Z,253.47349,252.50649,0
1972-08-02T14:55:50.000Z,253.03749,252.50249,2
1972-08-04T05:52:20.000Z,252.64448,252.55548,2
1972-08-07T14:30:39.000Z,252.32547,252.49447,0
1972-08-09T13:16:58.000Z,252.1785,252.5015,0
1972-08-11T13:28:03.000Z,252.052,252.508,0
1972-08-14T13:24:33.000Z,251.83949,252.46049,0
1972-08-16T14:12:47.000Z,251.72049,252.43949,0
1972-08-18T15:37:04.000Z,252.08199,252.45799,0
1972-08-21T16:18:29.000Z,252.77197,252.60797,2
1972-08-23T17:15:27.000Z,253.36498,252.53498,0
1972-08-25T15:41:58.000Z,253.6315,252.5485,0
1972-08-28T17:05:51.000Z,253.59248,252.54748,0
1972-08-30T13:45:10.000Z,253.36848,252.53148,0
1972-09-01T14:29:51.000Z,252.76249,252.65749,2
1972-09-04T14:35:47.000Z,252.458,252.542,0
1972-09-06T14:01:49.000Z,252.24547,252.51447,0
1972-09-08T13:48:12.000Z,252.08098,252.49898,0
1972-09-11T13:34:03.000Z,251.89998,252.49998,0
1972-09-13T13:28:13.000Z,251.77847,252.48147,0
1972-09-15T13:11:52.000Z,251.68249,252.47749,0
1972-09-18T13:09:52.000Z,252.4795,252.5205,0
1972-09-20T16:10:56.000Z,252.97999,252.49999,2
1972-09-22T14:30:13.000Z,253.38599,252.53399,0
1972-09-25T13:18:19.000Z,253.66897,252.59097,0
1972-09-27T13:27:46.000Z,253.55598,252.58398,0
1972-09-29T17:03:23.000Z,253.23198,252.54798,2
1972-10-02T17:17:14.000Z,252.60124,252.49874,2
1972-10-04T13:02:21.000Z,252.37399,252.54599,0
1972-10-06T13:06:45.000Z,252.18549,252.53449,0
1972-10-09T13:40:40.000Z,251.9725,252.5275,0
1972-10-13T13:32:00.000Z,251.71698,252.48298,0
1972-10-17T05:27:22.000Z,252.20699,252.51299,0
1972-10-18T17:34:01.000Z,252.5795,252.4805,2
1972-10-20T17:33:06.000Z,253.14649,252.57349,0
1972-10-23T14:25:41.000Z,253.58999,252.56999,0
1972-10-25T13:51:19.000Z,253.62798,252.57198,0
1972-10-27T13:24:19.000Z,253.50749,252.59249,0
1972-10-30T15:04:43.000Z,252.85999,252.55999,2
1972-11-01T18:30:23.000Z,252.52899,252.57099,0
1972-11-03T14:10:11.000Z,252.29147,252.52847,0
1972-11-06T15:07:26.000Z,252.05198,252.52798,0
1972-11-08T18:00:19.000Z,251.90649,252.51349,0
1972-11-10T18:34:13.000Z,251.78248,252.49748,0
1972-11-13T17:20:40.000Z,251.65399,252.50599,0
1972-11-15T19:41:53.000Z,252.21049,252.50949,0
1972-11-17T17:17:28.000Z,252.82,252.36,2
1972-11-20T11:52:59.000Z,253.35748,252.54248,0
1972-11-22T14:41:13.000Z,253.66547,252.59447,0
1972-11-24T10:52:26.000Z,253.64499,252.57499,0
1972-11-27T14:44:27.000Z,253.32048,252.57948,0
1972-11-30T08:12:47.000Z,252.88598,252.39398,0
1972-12-01T10:04:13.000Z,252.52448,252.55548,0
1972-12-04T14:18:37.000Z,252.22949,252.57049,0
1972-12-08T08:49:31.000Z,251.88449,252.47549,0
1972-12-11T18:03:45.000Z,251.74847,252.51147,0
1972-12-13T00:11:44.000Z,251.69048,252.50948,0
1972-12-18T01:21:10.000Z,252.76824,252.77174,2
1972-12-20T07:38:27.000Z,253.50199,252.59799,0
1972-12-22T08:29:33.000Z,253.77699,252.64299,0
1972-12-25T08:47:12.000Z,253.62849,252.59149,0
1972-12-27T07:56:27.000Z,253.36998,252.58998,0
1972-12-29T08:32:15.000Z,252.84549,252.57449,2
1973-01-02T08:20:50.000Z,252.35997,252.57997,0
1973-01-04T07:53:09.000Z,252.16198,252.53798,0
1973-01-05T08:19:07.000Z,252.118,252.562,0
1973-01-08T07:29:28.000Z,251.93299,252.54699,0
1973-01-10T07:43:34.000Z,251.84398,252.55598,0
1973-01-11T07:23:47.000Z,251.76198,252.51798,0
1973-01-12T07:35:24.000Z,251.73797,252.52197,0
1973-01-15T06:35:23.000Z,252.68199,252.53799,2
1973-01-17T08:41:59.000Z,253.24147,252.57847,0
1973-01-18T08:16:45.000Z,253.48249,252.61749,0
1973-01-20T02:53:53.000Z,253.71549,252.58449,0
1973-01-22T08:17:21.000Z,253.82497,252.61497,0
1973-01-24T07:45:27.000Z,253.70748,252.63248,0
1973-01-27T04:15:55.000Z,253.13547,252.62447,0
1973-01-27T04:56:53.000Z,253.11199,252.60799,2
1973-01-30T04:29:37.000Z,252.66886,252.55112,2
1973-02-01T04:25:58.000Z,252.42398,252.59598,0
1973-02-03T02:16:42.000Z,252.26999,252.58999,0
1973-02-06T02:51:59.000Z,252.057,252.563,0
1973-02-08T06:23:39.000Z,251.95248,252.56748,0
1973-02-10T01:43:22.000Z,251.85148,252.54848,0
1973-02-12T15:13:44.000Z,252.44798,252.57198,0
1973-02-15T01:15:36.000Z,253.13747,252.62247,2
1973-02-16T19:42:46.000Z,253.545,252.635,0
1973-02-22T01:34:42.000Z,253.91499,252.68499,0
1973-02-24T01:58:30.000Z,253.66197,252.65797,0
1973-02-26T19:20:58.000Z,253.26699,252.39299,0
1973-02-28T10:57:03.000Z,252.90299,252.51699,2
1973-03-02T14:19:42.000Z,252.56749,252.65249,0
1973-03-05T14:54:18.000Z,252.32398,252.63598,0
1973-03-07T14:11:27.000Z,252.19547,252.62447,0
1973-03-09T19:52:00.000Z,252.08749,252.63249,0
1973-03-12T11:25:56.000Z,251.96948,252.61048,0
1973-03-15T06:01:59.000Z,252.77998,252.67998,2
1973-03-17T02:45:57.000Z,253.3755,252.6845,0
1973-03-19T15:13:23.000Z,253.89299,252.70699,0
1973-03-21T14:19:21.000Z,254.06298,252.71698,0
1973-03-27T00:52:16.000Z,253.44199,252.71799,0
1973-03-28T17:05:37.000Z,253.09597,252.72397,2
1973-03-30T14:25:06.000Z,252.812,252.688,2
1973-04-02T14:15:11.000Z,252.5465,252.6935,0
1973-04-04T00:07:04.000Z,252.44698,252.69298,0
1973-04-06T14:26:27.000Z,252.2995,252.7005,0
1973-04-09T10:29:53.000Z,252.12899,252.67099,0
1973-04-11T10:32:39.000Z,252.23348,252.66648,0
1973-04-13T14:27:31.000Z,253.03299,252.56699,0
1973-04-16T11:52:20.000Z,253.66349,252.75649,0
1973-04-18T10:31:32.000Z,254.01248,252.76748,0
1973-04-20T11:20:11.000Z,254.13248,252.76748,0
1973-04-23T18:41:38.000Z,253.9045,252.7755,0
1973-04-27T14:01:49.000Z,253.36047,252.51947,0
1973-04-30T13:45:21.000Z,252.81516,252.78482,2
1973-05-02T13:55:13.000Z,252.60099,252.75899,0
1973-05-04T13:47:03.000Z,252.48497,252.77497,0
1973-05-07T17:45:54.000Z,252.28849,252.75149,0
1973-05-09T13:16:58.000Z,252.19547,252.74447,0
1973-05-14T09:00:47.000Z,253.28849,252.75149,2
1973-05-16T08:59:59.000Z,253.80598,252.83398,0
1973-05-18T10:36:25.000Z,254.11047,252.82947,0
1973-05-21T08:28:32.000Z,254.16699,252.87299,0
1973-05-23T09:25:39.000Z,253.94399,252.85599,0
1973-05-25T04:32:41.000Z,253.53097,252.84897,0
1973-05-29T04:56:14.000Z,252.8745,252.8055,2
1973-05-30T12:43:36.000Z,252.76348,252.81648,0
1973-06-01T22:29:54.000Z,252.59299,252.82699,0
1973-06-04T11:24:54.000Z,252.43597,252.82397,0
1973-06-06T15:30:25.000Z,252.29949,252.80049,0
1973-06-08T19:08:38.000Z,252.20998,252.80998,0
1973-06-11T08:54:42.000Z,253.062,252.678,2
1973-06-13T08:56:06.000Z,253.44097,252.81897,0
1973-06-15T19:15:11.000Z,253.96548,252.87448,0
1973-06-18T13:13:00.000Z,254.16199,252.87799,0
1973-06-20T17:01:36.000Z,254.05147,252.88847,0
1973-06-22T20:11:57.000Z,253.74848,252.89148,0
1973-06-25T14:10:20.000Z,253.12099,252.85899,2
1973-06-27T13:09:45.000Z,252.88766,252.87228,2
1973-06-29T14:25:58.000Z,252.72399,252.87599,0
1973-07-03T00:32:05.000Z,252.47748,252.86248,0
1973-07-05T17:09:38.000Z,252.31449,252.84549,0
1973-07-06T12:55:34.000Z,252.29399,252.86599,0
1973-07-09T13:59:55.000Z,252.60449,252.87549,0
1973-07-11T06:26:56.000Z,253.16648,252.73348,2
1973-07-13T16:00:08.000Z,253.65898,252.92098,0
1973-07-16T14:26:07.000Z,254.10549,252.93449,0
1973-07-18T13:24:26.000Z,254.13698,252.94298,0
1973-07-20T13:09:44.000Z,253.96247,252.91747,0
1973-07-23T13:14:17.000Z,253.60097,252.65897,0
1973-07-25T14:22:02.000Z,253.01749,252.90249,2
1973-07-27T16:26:52.000Z,252.79648,252.90348,0
1973-07-30T14:32:38.000Z,252.54199,252.87799,0
1973-08-01T15:46:40.000Z,252.40748,252.87248,0
1973-08-03T22:20:12.000Z,252.28599,252.87399,0
1973-08-06T22:57:15.000Z,252.12899,252.85099,0
1973-08-10T18:32:59.000Z,253.13599,253.02399,2
1973-08-13T13:36:05.000Z,253.83,252.91,0
1973-08-15T15:19:36.000Z,254.02099,252.89899,0
1973-08-17T13:35:52.000Z,254.02498,252.93498,0
1973-08-20T21:04:26.000Z,253.578,252.922,0
1973-08-23T01:33:10.000Z,253.0875,252.9125,2
1973-08-24T23:51:54.000Z,252.85498,252.92498,0
1973-08-27T14:07:43.000Z,252.61799,252.92199,0
1973-08-29T13:15:03.000Z,252.44848,252.89148,0
1973-08-31T15:30:32.000Z,252.31548,252.88448,0
1973-09-03T14:10:26.000Z,252.14998,252.86998,0
1973-09-05T19:40:53.000Z,252.16948,252.85048,0
1973-09-07T06:59:53.000Z,252.647,252.853,0
1973-09-10T14:13:42.000Z,253.50699,252.91299,2
1973-09-12T14:39:24.000Z,253.87049,252.92949,0
1973-09-14T13:25:09.000Z,254.02499,252.95499,0
1973-09-17T14:19:57.000Z,253.7875,252.8925,0
1973-09-19T13:39:02.000Z,253.46648,252.93348,0
1973-09-21T12:21:31.000Z,252.9626,252.93736,2
1973-09-24T13:53:43.000Z,252.65049,252.88949,0
1973-09-26T20:41:10.000Z,252.44847,252.87147,0
1973-09-28T14:04:43.000Z,252.321,252.859,0
1973-10-02T04:37:54.000Z,252.12199,252.85799,0
1973-10-05T15:44:22.000Z,252.223,252.837,0
1973-10-08T15:14:15.000Z,253.05948,252.84048,2
1973-10-10T05:50:24.000Z,253.45197,252.86797,0
1973-10-12T16:13:34.000Z,253.89647,252.92347,0
1973-10-15T14:19:53.000Z,253.92148,252.91848,0
1973-10-17T14:09:49.000Z,253.70649,252.89349,0
1973-10-21T00:11:02.000Z,253.02948,252.81048,2
1973-10-24T14:31:06.000Z,252.54298,252.85698,0
1973-10-26T15:24:39.000Z,252.37399,252.84599,0
1973-10-29T15:13:06.000Z,252.19199,252.84799,0
1973-11-02T15:28:28.000Z,251.98347,252.83647,0
1973-11-05T07:32:42.000Z,252.53949,252.82049,0
1973-11-07T15:15:35.000Z,253.17198,252.84798,2
1973-11-09T16:12:57.000Z,253.6275,252.8725,0
1973-11-12T16:37:59.000Z,253.97047,252.90947,0
1973-11-14T14:09:29.000Z,253.91648,252.92348,0
1973-11-19T14:59:57.000Z,253.15698,252.68298,2
1973-11-21T15:58:58.000Z,252.6995,252.8605,0
1973-11-24T01:22:20.000Z,252.46099,252.83899,0
1973-11-26T15:34:20.000Z,252.29198,252.84798,0
1973-11-28T18:08:23.000Z,252.162,252.838,0
1973-12-01T17:46:43.000Z,251.96,252.78,0
1973-12-04T00:09:03.000Z,252.27798,252.80198,0
1973-12-05T15:26:42.000Z,252.76748,252.81248,0
1973-12-07T16:41:01.000Z,253.34749,252.87249,2
1973-12-10T16:41:45.000Z,253.91897,252.90097,0
1973-12-12T14:52:00.000Z,254.02747,252.91247,0
1973-12-14T15:11:42.000Z,253.88597,252.87397,0
1973-12-17T14:56:52.000Z,253.36,252.88,0
1973-12-19T07:24:59.000Z,252.97897,252.84097,2
1973-12-21T15:52:06.000Z,252.7035,252.8565,0
1973-12-26T16:06:31.000Z,252.31299,252.84699,0
1973-12-28T15:34:04.000Z,252.1785,252.8215,0
1973-12-31T17:21:34.000Z,252.01647,252.80347,0
1974-01-02T16:01:51.000Z,252.35999,252.79999,0
1974-01-04T15:00:26.000Z,252.89309,252.86685,2
1974-01-07T14:34:25.000Z,253.70248,252.87748,0
1974-01-09T14:37:11.000Z,254.01798,252.88198,0
1974-01-11T23:53:43.000Z,254.07048,252.88948,0
1974-01-14T14:03:32.000Z,253.8115,252.8685,0
1974-01-16T15:06:55.000Z,253.23747,253.02247,2
1974-01-18T15:33:43.000Z,252.9279,252.93208,2
1974-01-21T14:30:17.000Z,252.6505,252.8495,0
1974-01-23T14:32:14.000Z,252.49398,252.84598,0
1974-01-25T14:29:32.000Z,252.3815,252.8585,0
1974-01-29T14:48:10.000Z,252.1595,252.8405,0
1974-01-30T13:44:09.000Z,252.10897,252.83097,0
1974-02-02T01:57:55.000Z,252.71499,252.82499,0
1974-02-04T15:50:48.000Z,253.43299,252.86699,0
1974-02-06T15:00:36.000Z,253.88248,252.89748,0
1974-02-08T17:59:46.000Z,254.19,252.93,0
1974-02-11T16:23:33.000Z,254.10898,252.91098,0
1974-02-13T15:03:35.000Z,253.90248,252.93748,0
1974-02-15T15:01:09.000Z,253.38299,252.91699,0
1974-02-18T14:00:11.000Z,252.97073,252.86923,2
1974-02-20T15:03:34.000Z,252.74448,252.89548,0
1974-02-22T15:03:19.000Z,252.59099,252.88899,0
1974-02-25T14:44:40.000Z,252.40298,252.87698,0
1974-02-27T15:28:56.000Z,252.303,252.877,0
1974-03-01T14:36:00.000Z,252.21949,252.88049,0
1974-03-07T04:53:56.000Z,253.53799,253.18199,0
1974-03-08T14:56:46.000Z,254.08349,252.95649,0
1974-03-11T15:22:06.000Z,254.31348,252.96648,0
1974-03-13T15:27:46.000Z,254.19299,252.96699,0
1974-03-18T14:51:56.000Z,253.50649,252.71349,0
1974-03-20T15:20:26.000Z,252.96405,252.95593,2
1974-03-22T15:13:36.000Z,252.82998,252.94998,0
1974-03-25T14:05:16.000Z,252.62,252.94,0
1974-03-27T14:07:46.000Z,252.50447,252.93547,0
1974-03-29T18:26:56.000Z,252.39147,252.92847,0
1974-04-02T07:10:26.000Z,252.96047,252.91947,2
1974-04-03T15:37:36.000Z,253.58748,252.69248,0
1974-04-05T19:45:36.000Z,253.96698,252.87298,0
1974-04-08T15:03:06.000Z,254.36698,253.03298,0
1974-04-12T14:42:26.000Z,254.21149,253.00849,0
1974-04-15T15:23:16.000Z,253.5995,253.0205,0
1974-04-17T14:57:26.000Z,253.26898,253.01098,0
1974-04-19T14:51:06.000Z,253.04099,252.99899,2
1974-04-22T15:35:56.000Z,252.79098,252.98898,0
1974-04-24T14:37:46.000Z,252.68948,253.01048,0
1974-04-26T14:41:56.000Z,252.57548,253.00448,0
1974-04-29T14:59:46.000Z,252.40447,252.97547,0
1974-05-01T17:07:06.000Z,253.02198,252.99798,0
1974-05-03T14:59:56.000Z,253.5365,253.0235,0
1974-05-06T14:37:26.000Z,254.1555,253.0245,0
1974-05-08T14:40:56.000Z,254.42,253.08,0
1974-05-10T15:10:16.000Z,254.38398,253.07598,0
1974-05-13T15:12:36.000Z,254.04948,253.09048,0
1974-05-16T03:49:36.000Z,253.44798,253.07198,0
1974-05-17T14:58:26.000Z,253.17849,253.12149,2
1974-05-20T15:19:26.000Z,252.9785,253.0815,0
1974-05-22T15:03:56.000Z,252.81747,253.06247,0
1974-05-24T14:24:36.000Z,252.688,253.052,0
1974-05-27T14:34:36.000Z,252.51049,253.02949,0
1974-05-29T19:39:56.000Z,252.589,253.031,0
1974-05-31T05:02:16.000Z,253.057,253.063,0
1974-06-03T15:13:06.000Z,253.908,253.092,0
1974-06-05T14:50:26.000Z,254.18799,253.11199,0
1974-06-07T14:58:06.000Z,254.377,253.123,0
1974-06-10T19:53:16.000Z,254.21299,253.14699,0
1974-06-12T14:55:06.000Z,253.87148,253.14848,0
1974-06-14T13:36:26.000Z,253.36449,253.17549,0
1974-06-17T14:01:46.000Z,253.0685,253.1115,0
1974-06-19T14:14:06.000Z,252.87598,253.08398,0
1974-06-21T14:55:56.000Z,252.71698,253.06298,0
1974-06-24T14:30:46.000Z,252.56198,253.07798,0
1974-06-26T14:39:46.000Z,252.46299,253.07699,0
1974-06-28T13:35:56.000Z,252.60898,253.03098,0
1974-07-01T14:43:46.000Z,253.48848,253.09148,0
1974-07-03T14:46:16.000Z,253.92148,253.09848,0
1974-07-05T14:58:26.000Z,254.25898,253.14098,0
1974-07-08T14:31:26.000Z,254.28747,253.15247,0
1974-07-10T13:35:06.000Z,254.08149,253.13849,0
1974-07-12T14:54:36.000Z,253.63348,253.14648,0
1974-07-15T14:39:06.000Z,253.1376,253.12234,0
1974-07-17T14:50:06.000Z,252.95949,253.14049,0
1974-07-19T14:56:06.000Z,252.77147,253.10847,0
1974-07-22T15:12:56.000Z,252.55698,253.08298,0
1974-07-24T14:57:06.000Z,252.45449,253.08549,0
1974-07-26T14:42:26.000Z,252.34699,253.07299,0
1974-07-29T14:30:36.000Z,253.01999,253.07999,0
1974-07-31T14:39:26.000Z,253.5245,253.0955,0
1974-08-02T14:34:46.000Z,253.9115,253.0885,0
1974-08-05T15:01:46.000Z,254.22399,253.13599,0
1974-08-07T14:27:56.000Z,254.14048,253.13948,0
1974-08-09T14:41:16.000Z,253.89148,253.12848,0
1974-08-11T13:38:06.000Z,253.40398,253.11598,2
1974-08-14T14:59:16.000Z,252.98299,253.11699,0
1974-08-19T16:01:46.000Z,252.5765,253.1035,0
1974-08-21T15:12:06.000Z,252.41999,253.05999,0
1974-08-23T14:39:06.000Z,252.32948,253.07048,0
1974-08-26T15:16:46.000Z,252.50998,253.06998,0
1974-08-28T15:17:16.000Z,253.0908,253.0292,2
1974-08-30T15:26:06.000Z,253.56849,253.09149,0
1974-09-02T14:38:46.000Z,254.099,253.141,0
1974-09-04T14:42:56.000Z,254.14598,253.13398,0
1974-09-11T00:25:56.000Z,253.38523,252.89473,0
1974-09-13T15:14:16.000Z,252.83249,253.08749,0
1974-09-16T14:45:16.000Z,252.55249,253.04749,0
1974-09-18T14:57:56.000Z,252.4385,253.0615,0
1974-09-20T14:57:56.000Z,252.32347,253.05647,0
1974-09-23T13:57:16.000Z,252.123,252.997,0
1974-09-26T02:46:26.000Z,252.7095,253.0305,0
1974-09-27T14:56:16.000Z,253.17949,252.98049,2
1974-09-30T14:29:36.000Z,253.76797,253.05197,0
1974-10-04T14:37:56.000Z,254.06299,253.09699,0
1974-10-07T14:54:46.000Z,253.78098,253.11898,0
1974-10-09T14:50:06.000Z,253.36199,252.93799,2
1974-10-11T14:33:46.000Z,252.94698,253.07298,0
1974-10-16T14:40:16.000Z,252.469,253.031,0
1974-10-18T14:38:26.000Z,252.34797,253.03197,0
1974-10-21T15:05:26.000Z,252.1705,253.0095,0
1974-10-23T15:26:06.000Z,252.07548,253.00448,0
1974-10-25T17:23:56.000Z,252.67249,252.98749,0
1974-10-29T07:49:06.000Z,253.60448,253.03548,0
1974-10-30T16:01:06.000Z,253.85598,253.04398,0
1974-11-01T16:07:56.000Z,254.06,253.06,0
1974-11-04T11:20:36.000Z,253.9465,253.0535,0
1974-11-06T15:53:06.000Z,253.64048,253.05948,0
1974-11-09T01:32:36.000Z,253.07425,253.04575,0
1974-11-13T16:31:56.000Z,252.57549,253.02449,0
1974-11-15T16:21:06.000Z,252.42697,253.01297,0
1974-11-18T14:58:26.000Z,252.244,252.996,0
1974-11-20T15:52:56.000Z,252.11548,252.96448,0
1974-11-22T15:52:36.000Z,252.145,252.975,0
1974-11-25T15:59:56.000Z,253.04175,253.01825,2
1974-11-27T23:35:06.000Z,253.6565,253.0235,0
1974-12-03T02:35:06.000Z,254.05199,253.04799,0
1974-12-06T16:33:16.000Z,253.76799,252.77199,0
1974-12-09T15:08:46.000Z,252.93997,252.99997,0
1974-12-11T15:40:36.000Z,252.74297,253.01697,0
1974-12-13T15:48:26.000Z,252.58149,253.01849,0
1974-12-16T17:05:36.000Z,252.34397,252.97597,0
1974-12-20T15:37:46.000Z,252.147,252.973,0
1974-12-23T19:54:46.000Z,252.72798,252.97198,0
1974-12-25T16:00:06.000Z,253.14024,253.07974,2
1974-12-27T12:44:06.000Z,253.44398,253.25598,2
